(kicad_pcb (version 20171130) (host pcbnew "(5.0.2)-1")

  (general
    (thickness 1.6)
    (drawings 171)
    (tracks 703)
    (zones 0)
    (modules 72)
    (nets 82)
  )

  (page A4)
  (title_block
    (title "Lightning Trigger PCB Layout")
    (rev 2)
  )

  (layers
    (0 F.Cu signal)
    (31 B.Cu signal)
    (32 B.Adhes user)
    (33 F.Adhes user)
    (34 B.Paste user)
    (35 F.Paste user)
    (36 B.SilkS user)
    (37 F.SilkS user)
    (38 B.Mask user)
    (39 F.Mask user)
    (40 Dwgs.User user)
    (41 Cmts.User user)
    (42 Eco1.User user)
    (43 Eco2.User user)
    (44 Edge.Cuts user)
    (45 Margin user)
    (46 B.CrtYd user)
    (47 F.CrtYd user)
    (48 B.Fab user hide)
    (49 F.Fab user hide)
  )

  (setup
    (last_trace_width 0.25)
    (user_trace_width 0.4)
    (user_trace_width 0.5)
    (trace_clearance 0.2)
    (zone_clearance 0.508)
    (zone_45_only no)
    (trace_min 0.2)
    (segment_width 0.2)
    (edge_width 0.15)
    (via_size 0.6)
    (via_drill 0.4)
    (via_min_size 0.4)
    (via_min_drill 0.3)
    (uvia_size 0.3)
    (uvia_drill 0.1)
    (uvias_allowed no)
    (uvia_min_size 0.2)
    (uvia_min_drill 0.1)
    (pcb_text_width 0.3)
    (pcb_text_size 1.5 1.5)
    (mod_edge_width 0.15)
    (mod_text_size 0.85 0.85)
    (mod_text_width 0.125)
    (pad_size 1 1)
    (pad_drill 0.65)
    (pad_to_mask_clearance 0.2)
    (solder_mask_min_width 0.25)
    (aux_axis_origin 0 0)
    (visible_elements 7FFDFFFF)
    (pcbplotparams
      (layerselection 0x310fc_ffffffff)
      (usegerberextensions false)
      (usegerberattributes false)
      (usegerberadvancedattributes false)
      (creategerberjobfile false)
      (excludeedgelayer true)
      (linewidth 0.100000)
      (plotframeref false)
      (viasonmask false)
      (mode 1)
      (useauxorigin false)
      (hpglpennumber 1)
      (hpglpenspeed 20)
      (hpglpendiameter 15.000000)
      (psnegative false)
      (psa4output false)
      (plotreference true)
      (plotvalue true)
      (plotinvisibletext false)
      (padsonsilk false)
      (subtractmaskfromsilk false)
      (outputformat 1)
      (mirror false)
      (drillshape 0)
      (scaleselection 1)
      (outputdirectory "../GERBERS/"))
  )

  (net 0 "")
  (net 1 "Net-(J5-Pad3)")
  (net 2 "Net-(J5-Pad2)")
  (net 3 "Net-(J5-Pad1)")
  (net 4 GNDD)
  (net 5 3.3V)
  (net 6 "Net-(C1-Pad2)")
  (net 7 "Net-(C1-Pad1)")
  (net 8 "Net-(C2-Pad1)")
  (net 9 "Net-(C3-Pad1)")
  (net 10 VUSB)
  (net 11 VDDA)
  (net 12 "Net-(D1-Pad1)")
  (net 13 MISO)
  (net 14 FOCUS3)
  (net 15 FOCUS2)
  (net 16 RST)
  (net 17 SDA)
  (net 18 SCL)
  (net 19 "Net-(J4-Pad3)")
  (net 20 "Net-(J4-Pad2)")
  (net 21 "Net-(J4-Pad1)")
  (net 22 "Net-(J6-Pad2)")
  (net 23 "Net-(J6-Pad3)")
  (net 24 +BATT)
  (net 25 LIGHT_OUT)
  (net 26 "Net-(L1-Pad1)")
  (net 27 "Net-(R10-Pad1)")
  (net 28 "Net-(R18-Pad1)")
  (net 29 "Net-(R19-Pad1)")
  (net 30 VIN)
  (net 31 MICROPHONE_OUT)
  (net 32 SHUTTER2)
  (net 33 FOCUS1)
  (net 34 SHUTTER1)
  (net 35 FOCUS4)
  (net 36 SHUTTER4)
  (net 37 "Net-(D2-Pad2)")
  (net 38 "Net-(D4-Pad1)")
  (net 39 "Net-(D5-Pad2)")
  (net 40 -BATT)
  (net 41 "Net-(R21-Pad1)")
  (net 42 "Net-(R26-Pad2)")
  (net 43 "Net-(U3-Pad11)")
  (net 44 "Net-(C6-Pad1)")
  (net 45 "Net-(C12-Pad1)")
  (net 46 "Net-(D3-Pad2)")
  (net 47 "Net-(D5-Pad1)")
  (net 48 "Net-(D6-Pad1)")
  (net 49 "Net-(J3-Pad3)")
  (net 50 "Net-(J3-Pad2)")
  (net 51 "Net-(J3-Pad1)")
  (net 52 "Net-(J6-Pad1)")
  (net 53 "Net-(J7-Pad2)")
  (net 54 "Net-(J7-Pad3)")
  (net 55 "Net-(J7-Pad4)")
  (net 56 "Net-(R4-Pad1)")
  (net 57 "Net-(R11-Pad2)")
  (net 58 "Net-(R9-Pad2)")
  (net 59 "Net-(R10-Pad2)")
  (net 60 "Net-(R16-Pad1)")
  (net 61 "Net-(R17-Pad1)")
  (net 62 "Net-(R22-Pad1)")
  (net 63 "Net-(R23-Pad1)")
  (net 64 "Net-(R24-Pad1)")
  (net 65 "Net-(R28-Pad2)")
  (net 66 "Net-(U2-Pad30)")
  (net 67 "Net-(U2-Pad26)")
  (net 68 "Net-(U2-Pad25)")
  (net 69 "Net-(U2-Pad11)")
  (net 70 "Net-(U2-Pad10)")
  (net 71 "Net-(U3-Pad1)")
  (net 72 "Net-(U3-Pad3)")
  (net 73 "Net-(U3-Pad13)")
  (net 74 "Net-(U3-Pad14)")
  (net 75 "Net-(U3-Pad16)")
  (net 76 "Net-(U5-Pad4)")
  (net 77 "Net-(R20-Pad1)")
  (net 78 "Net-(D2-Pad1)")
  (net 79 "Net-(D3-Pad1)")
  (net 80 "Net-(R11-Pad1)")
  (net 81 GNDA)

  (net_class Default "This is the default net class."
    (clearance 0.2)
    (trace_width 0.25)
    (via_dia 0.6)
    (via_drill 0.4)
    (uvia_dia 0.3)
    (uvia_drill 0.1)
    (add_net +BATT)
    (add_net -BATT)
    (add_net 3.3V)
    (add_net FOCUS1)
    (add_net FOCUS2)
    (add_net FOCUS3)
    (add_net FOCUS4)
    (add_net GNDA)
    (add_net GNDD)
    (add_net LIGHT_OUT)
    (add_net MICROPHONE_OUT)
    (add_net MISO)
    (add_net "Net-(C1-Pad1)")
    (add_net "Net-(C1-Pad2)")
    (add_net "Net-(C12-Pad1)")
    (add_net "Net-(C2-Pad1)")
    (add_net "Net-(C3-Pad1)")
    (add_net "Net-(C6-Pad1)")
    (add_net "Net-(D1-Pad1)")
    (add_net "Net-(D2-Pad1)")
    (add_net "Net-(D2-Pad2)")
    (add_net "Net-(D3-Pad1)")
    (add_net "Net-(D3-Pad2)")
    (add_net "Net-(D4-Pad1)")
    (add_net "Net-(D5-Pad1)")
    (add_net "Net-(D5-Pad2)")
    (add_net "Net-(D6-Pad1)")
    (add_net "Net-(J3-Pad1)")
    (add_net "Net-(J3-Pad2)")
    (add_net "Net-(J3-Pad3)")
    (add_net "Net-(J4-Pad1)")
    (add_net "Net-(J4-Pad2)")
    (add_net "Net-(J4-Pad3)")
    (add_net "Net-(J5-Pad1)")
    (add_net "Net-(J5-Pad2)")
    (add_net "Net-(J5-Pad3)")
    (add_net "Net-(J6-Pad1)")
    (add_net "Net-(J6-Pad2)")
    (add_net "Net-(J6-Pad3)")
    (add_net "Net-(J7-Pad2)")
    (add_net "Net-(J7-Pad3)")
    (add_net "Net-(J7-Pad4)")
    (add_net "Net-(L1-Pad1)")
    (add_net "Net-(R10-Pad1)")
    (add_net "Net-(R10-Pad2)")
    (add_net "Net-(R11-Pad1)")
    (add_net "Net-(R11-Pad2)")
    (add_net "Net-(R16-Pad1)")
    (add_net "Net-(R17-Pad1)")
    (add_net "Net-(R18-Pad1)")
    (add_net "Net-(R19-Pad1)")
    (add_net "Net-(R20-Pad1)")
    (add_net "Net-(R21-Pad1)")
    (add_net "Net-(R22-Pad1)")
    (add_net "Net-(R23-Pad1)")
    (add_net "Net-(R24-Pad1)")
    (add_net "Net-(R26-Pad2)")
    (add_net "Net-(R28-Pad2)")
    (add_net "Net-(R4-Pad1)")
    (add_net "Net-(R9-Pad2)")
    (add_net "Net-(U2-Pad10)")
    (add_net "Net-(U2-Pad11)")
    (add_net "Net-(U2-Pad25)")
    (add_net "Net-(U2-Pad26)")
    (add_net "Net-(U2-Pad30)")
    (add_net "Net-(U3-Pad1)")
    (add_net "Net-(U3-Pad11)")
    (add_net "Net-(U3-Pad13)")
    (add_net "Net-(U3-Pad14)")
    (add_net "Net-(U3-Pad16)")
    (add_net "Net-(U3-Pad3)")
    (add_net "Net-(U5-Pad4)")
    (add_net RST)
    (add_net SCL)
    (add_net SDA)
    (add_net SHUTTER1)
    (add_net SHUTTER2)
    (add_net SHUTTER4)
    (add_net VDDA)
    (add_net VIN)
    (add_net VUSB)
  )

  (module PJ-237-6A:PJ-237-6A (layer F.Cu) (tedit 5D089216) (tstamp 5CDD677C)
    (at 16.256 -6.604 270)
    (path /5CE0873E)
    (fp_text reference J3 (at -4.7625 -1.7145) (layer F.SilkS)
      (effects (font (size 0.85 0.85) (thickness 0.125)))
    )
    (fp_text value SJ-2523-SMT (at 0 -7.62 270) (layer F.Fab)
      (effects (font (size 1 1) (thickness 0.15)))
    )
    (fp_line (start 2.54 0) (end 2.54 -5.4) (layer F.SilkS) (width 0.15))
    (fp_line (start -2.54 0) (end -2.54 -5.4) (layer F.SilkS) (width 0.15))
    (fp_line (start -2.54 -5.4) (end 2.54 -5.4) (layer F.SilkS) (width 0.15))
    (fp_line (start 2.54 5.08) (end 2.54 0) (layer F.SilkS) (width 0.15))
    (fp_line (start -2.54 5.08) (end 2.54 5.08) (layer F.SilkS) (width 0.15))
    (fp_line (start -2.54 0) (end -2.54 5.08) (layer F.SilkS) (width 0.15))
    (fp_line (start 1.6 -6.9) (end 1.6 -5.4) (layer F.SilkS) (width 0.15))
    (fp_line (start -1.6 -6.9) (end 1.6 -6.9) (layer F.SilkS) (width 0.15))
    (fp_line (start -1.6 -5.4) (end -1.6 -6.9) (layer F.SilkS) (width 0.15))
    (pad "" np_thru_hole circle (at 0 2.5 270) (size 1.3 1.3) (drill 1.3) (layers *.Cu *.Mask))
    (pad "" np_thru_hole circle (at 0 -2.5 270) (size 1.3 1.3) (drill 1.3) (layers *.Cu *.Mask))
    (pad 6 smd rect (at 2.75 3.7 270) (size 1.5 1.5) (layers F.Cu F.Paste F.Mask))
    (pad 5 smd rect (at -2.75 3.7 270) (size 1.5 1.5) (layers F.Cu F.Paste F.Mask))
    (pad 1 smd rect (at 2.75 -3.7 270) (size 1.5 1.5) (layers F.Cu F.Paste F.Mask)
      (net 51 "Net-(J3-Pad1)"))
    (pad 4 smd rect (at -2.75 -3.7 270) (size 1.5 1.5) (layers F.Cu F.Paste F.Mask))
    (pad 2 smd rect (at -2.75 0 270) (size 1.5 1.5) (layers F.Cu F.Paste F.Mask)
      (net 50 "Net-(J3-Pad2)"))
    (pad 3 smd rect (at 2.75 0 270) (size 1.5 1.5) (layers F.Cu F.Paste F.Mask)
      (net 49 "Net-(J3-Pad3)"))
  )

  (module Housings_QFP:TQFP-32_7x7mm_Pitch0.8mm (layer B.Cu) (tedit 58CC9A48) (tstamp 5CDD56E8)
    (at 0 18.161 270)
    (descr "32-Lead Plastic Thin Quad Flatpack (PT) - 7x7x1.0 mm Body, 2.00 mm [TQFP] (see Microchip Packaging Specification 00000049BS.pdf)")
    (tags "QFP 0.8")
    (path /5C3AA62F)
    (attr smd)
    (fp_text reference U2 (at -5.969 0) (layer B.SilkS)
      (effects (font (size 1 1) (thickness 0.15)) (justify mirror))
    )
    (fp_text value ATMEGA328P-AU (at 0 -6.05 270) (layer B.Fab)
      (effects (font (size 1 1) (thickness 0.15)) (justify mirror))
    )
    (fp_line (start -3.625 3.4) (end -5.05 3.4) (layer B.SilkS) (width 0.15))
    (fp_line (start 3.625 3.625) (end 3.3 3.625) (layer B.SilkS) (width 0.15))
    (fp_line (start 3.625 -3.625) (end 3.3 -3.625) (layer B.SilkS) (width 0.15))
    (fp_line (start -3.625 -3.625) (end -3.3 -3.625) (layer B.SilkS) (width 0.15))
    (fp_line (start -3.625 3.625) (end -3.3 3.625) (layer B.SilkS) (width 0.15))
    (fp_line (start -3.625 -3.625) (end -3.625 -3.3) (layer B.SilkS) (width 0.15))
    (fp_line (start 3.625 -3.625) (end 3.625 -3.3) (layer B.SilkS) (width 0.15))
    (fp_line (start 3.625 3.625) (end 3.625 3.3) (layer B.SilkS) (width 0.15))
    (fp_line (start -3.625 3.625) (end -3.625 3.4) (layer B.SilkS) (width 0.15))
    (fp_line (start -5.3 -5.3) (end 5.3 -5.3) (layer B.CrtYd) (width 0.05))
    (fp_line (start -5.3 5.3) (end 5.3 5.3) (layer B.CrtYd) (width 0.05))
    (fp_line (start 5.3 5.3) (end 5.3 -5.3) (layer B.CrtYd) (width 0.05))
    (fp_line (start -5.3 5.3) (end -5.3 -5.3) (layer B.CrtYd) (width 0.05))
    (fp_line (start -3.5 2.5) (end -2.5 3.5) (layer B.Fab) (width 0.15))
    (fp_line (start -3.5 -3.5) (end -3.5 2.5) (layer B.Fab) (width 0.15))
    (fp_line (start 3.5 -3.5) (end -3.5 -3.5) (layer B.Fab) (width 0.15))
    (fp_line (start 3.5 3.5) (end 3.5 -3.5) (layer B.Fab) (width 0.15))
    (fp_line (start -2.5 3.5) (end 3.5 3.5) (layer B.Fab) (width 0.15))
    (fp_text user %R (at 0 0 270) (layer B.Fab)
      (effects (font (size 1 1) (thickness 0.15)) (justify mirror))
    )
    (pad 32 smd rect (at -2.8 4.25 180) (size 1.6 0.55) (layers B.Cu B.Paste B.Mask)
      (net 37 "Net-(D2-Pad2)"))
    (pad 31 smd rect (at -2 4.25 180) (size 1.6 0.55) (layers B.Cu B.Paste B.Mask)
      (net 58 "Net-(R9-Pad2)"))
    (pad 30 smd rect (at -1.2 4.25 180) (size 1.6 0.55) (layers B.Cu B.Paste B.Mask)
      (net 66 "Net-(U2-Pad30)"))
    (pad 29 smd rect (at -0.4 4.25 180) (size 1.6 0.55) (layers B.Cu B.Paste B.Mask)
      (net 16 RST))
    (pad 28 smd rect (at 0.4 4.25 180) (size 1.6 0.55) (layers B.Cu B.Paste B.Mask)
      (net 18 SCL))
    (pad 27 smd rect (at 1.2 4.25 180) (size 1.6 0.55) (layers B.Cu B.Paste B.Mask)
      (net 17 SDA))
    (pad 26 smd rect (at 2 4.25 180) (size 1.6 0.55) (layers B.Cu B.Paste B.Mask)
      (net 67 "Net-(U2-Pad26)"))
    (pad 25 smd rect (at 2.8 4.25 180) (size 1.6 0.55) (layers B.Cu B.Paste B.Mask)
      (net 68 "Net-(U2-Pad25)"))
    (pad 24 smd rect (at 4.25 2.8 270) (size 1.6 0.55) (layers B.Cu B.Paste B.Mask)
      (net 31 MICROPHONE_OUT))
    (pad 23 smd rect (at 4.25 2 270) (size 1.6 0.55) (layers B.Cu B.Paste B.Mask)
      (net 25 LIGHT_OUT))
    (pad 22 smd rect (at 4.25 1.2 270) (size 1.6 0.55) (layers B.Cu B.Paste B.Mask)
      (net 12 "Net-(D1-Pad1)"))
    (pad 21 smd rect (at 4.25 0.4 270) (size 1.6 0.55) (layers B.Cu B.Paste B.Mask)
      (net 4 GNDD))
    (pad 20 smd rect (at 4.25 -0.4 270) (size 1.6 0.55) (layers B.Cu B.Paste B.Mask)
      (net 11 VDDA))
    (pad 19 smd rect (at 4.25 -1.2 270) (size 1.6 0.55) (layers B.Cu B.Paste B.Mask)
      (net 57 "Net-(R11-Pad2)"))
    (pad 18 smd rect (at 4.25 -2 270) (size 1.6 0.55) (layers B.Cu B.Paste B.Mask)
      (net 11 VDDA))
    (pad 17 smd rect (at 4.25 -2.8 270) (size 1.6 0.55) (layers B.Cu B.Paste B.Mask)
      (net 14 FOCUS3))
    (pad 16 smd rect (at 2.8 -4.25 180) (size 1.6 0.55) (layers B.Cu B.Paste B.Mask)
      (net 13 MISO))
    (pad 15 smd rect (at 2 -4.25 180) (size 1.6 0.55) (layers B.Cu B.Paste B.Mask)
      (net 15 FOCUS2))
    (pad 14 smd rect (at 1.2 -4.25 180) (size 1.6 0.55) (layers B.Cu B.Paste B.Mask)
      (net 32 SHUTTER2))
    (pad 13 smd rect (at 0.4 -4.25 180) (size 1.6 0.55) (layers B.Cu B.Paste B.Mask)
      (net 33 FOCUS1))
    (pad 12 smd rect (at -0.4 -4.25 180) (size 1.6 0.55) (layers B.Cu B.Paste B.Mask)
      (net 34 SHUTTER1))
    (pad 11 smd rect (at -1.2 -4.25 180) (size 1.6 0.55) (layers B.Cu B.Paste B.Mask)
      (net 69 "Net-(U2-Pad11)"))
    (pad 10 smd rect (at -2 -4.25 180) (size 1.6 0.55) (layers B.Cu B.Paste B.Mask)
      (net 70 "Net-(U2-Pad10)"))
    (pad 9 smd rect (at -2.8 -4.25 180) (size 1.6 0.55) (layers B.Cu B.Paste B.Mask)
      (net 46 "Net-(D3-Pad2)"))
    (pad 8 smd rect (at -4.25 -2.8 270) (size 1.6 0.55) (layers B.Cu B.Paste B.Mask)
      (net 9 "Net-(C3-Pad1)"))
    (pad 7 smd rect (at -4.25 -2 270) (size 1.6 0.55) (layers B.Cu B.Paste B.Mask)
      (net 8 "Net-(C2-Pad1)"))
    (pad 6 smd rect (at -4.25 -1.2 270) (size 1.6 0.55) (layers B.Cu B.Paste B.Mask)
      (net 30 VIN))
    (pad 5 smd rect (at -4.25 -0.4 270) (size 1.6 0.55) (layers B.Cu B.Paste B.Mask)
      (net 4 GNDD))
    (pad 4 smd rect (at -4.25 0.4 270) (size 1.6 0.55) (layers B.Cu B.Paste B.Mask)
      (net 30 VIN))
    (pad 3 smd rect (at -4.25 1.2 270) (size 1.6 0.55) (layers B.Cu B.Paste B.Mask)
      (net 4 GNDD))
    (pad 2 smd rect (at -4.25 2 270) (size 1.6 0.55) (layers B.Cu B.Paste B.Mask)
      (net 36 SHUTTER4))
    (pad 1 smd rect (at -4.25 2.8 270) (size 1.6 0.55) (layers B.Cu B.Paste B.Mask)
      (net 35 FOCUS4))
    (model ${KISYS3DMOD}/Housings_QFP.3dshapes/TQFP-32_7x7mm_Pitch0.8mm.wrl
      (at (xyz 0 0 0))
      (scale (xyz 1 1 1))
      (rotate (xyz 0 0 0))
    )
  )

  (module Package_TO_SOT_SMD:SOT-23 (layer B.Cu) (tedit 5A02FF57) (tstamp 5CDD54B0)
    (at -6.858 2.286 180)
    (descr "SOT-23, Standard")
    (tags SOT-23)
    (path /5CD10B44)
    (attr smd)
    (fp_text reference Q2 (at 0 2.5 180) (layer B.SilkS)
      (effects (font (size 1 1) (thickness 0.15)) (justify mirror))
    )
    (fp_text value MMBT3904 (at 0 -2.5 180) (layer B.Fab)
      (effects (font (size 1 1) (thickness 0.15)) (justify mirror))
    )
    (fp_text user %R (at 0 0 90) (layer B.Fab)
      (effects (font (size 0.5 0.5) (thickness 0.075)) (justify mirror))
    )
    (fp_line (start -0.7 0.95) (end -0.7 -1.5) (layer B.Fab) (width 0.1))
    (fp_line (start -0.15 1.52) (end 0.7 1.52) (layer B.Fab) (width 0.1))
    (fp_line (start -0.7 0.95) (end -0.15 1.52) (layer B.Fab) (width 0.1))
    (fp_line (start 0.7 1.52) (end 0.7 -1.52) (layer B.Fab) (width 0.1))
    (fp_line (start -0.7 -1.52) (end 0.7 -1.52) (layer B.Fab) (width 0.1))
    (fp_line (start 0.76 -1.58) (end 0.76 -0.65) (layer B.SilkS) (width 0.12))
    (fp_line (start 0.76 1.58) (end 0.76 0.65) (layer B.SilkS) (width 0.12))
    (fp_line (start -1.7 1.75) (end 1.7 1.75) (layer B.CrtYd) (width 0.05))
    (fp_line (start 1.7 1.75) (end 1.7 -1.75) (layer B.CrtYd) (width 0.05))
    (fp_line (start 1.7 -1.75) (end -1.7 -1.75) (layer B.CrtYd) (width 0.05))
    (fp_line (start -1.7 -1.75) (end -1.7 1.75) (layer B.CrtYd) (width 0.05))
    (fp_line (start 0.76 1.58) (end -1.4 1.58) (layer B.SilkS) (width 0.12))
    (fp_line (start 0.76 -1.58) (end -0.7 -1.58) (layer B.SilkS) (width 0.12))
    (pad 1 smd rect (at -1 0.95 180) (size 0.9 0.8) (layers B.Cu B.Paste B.Mask)
      (net 44 "Net-(C6-Pad1)"))
    (pad 2 smd rect (at -1 -0.95 180) (size 0.9 0.8) (layers B.Cu B.Paste B.Mask)
      (net 11 VDDA))
    (pad 3 smd rect (at 1 0 180) (size 0.9 0.8) (layers B.Cu B.Paste B.Mask)
      (net 30 VIN))
    (model ${KISYS3DMOD}/Package_TO_SOT_SMD.3dshapes/SOT-23.wrl
      (at (xyz 0 0 0))
      (scale (xyz 1 1 1))
      (rotate (xyz 0 0 0))
    )
  )

  (module PJ-237-6A:PJ-237-6A (layer F.Cu) (tedit 5C46FC3B) (tstamp 5CDD660F)
    (at 10.16 -30.48)
    (path /5CE1CCF4)
    (fp_text reference J4 (at -3.429 1.905) (layer F.SilkS)
      (effects (font (size 0.85 0.85) (thickness 0.125)))
    )
    (fp_text value SJ-2523-SMT (at 0 -7.62) (layer F.Fab)
      (effects (font (size 1 1) (thickness 0.15)))
    )
    (fp_line (start 2.54 0) (end 2.54 -5.4) (layer F.SilkS) (width 0.15))
    (fp_line (start -2.54 0) (end -2.54 -5.4) (layer F.SilkS) (width 0.15))
    (fp_line (start -2.54 -5.4) (end 2.54 -5.4) (layer F.SilkS) (width 0.15))
    (fp_line (start 2.54 5.08) (end 2.54 0) (layer F.SilkS) (width 0.15))
    (fp_line (start -2.54 5.08) (end 2.54 5.08) (layer F.SilkS) (width 0.15))
    (fp_line (start -2.54 0) (end -2.54 5.08) (layer F.SilkS) (width 0.15))
    (fp_line (start 1.6 -6.9) (end 1.6 -5.4) (layer F.SilkS) (width 0.15))
    (fp_line (start -1.6 -6.9) (end 1.6 -6.9) (layer F.SilkS) (width 0.15))
    (fp_line (start -1.6 -5.4) (end -1.6 -6.9) (layer F.SilkS) (width 0.15))
    (pad "" np_thru_hole circle (at 0 2.5) (size 1.3 1.3) (drill 1.3) (layers *.Cu *.Mask))
    (pad "" np_thru_hole circle (at 0 -2.5) (size 1.3 1.3) (drill 1.3) (layers *.Cu *.Mask))
    (pad 6 smd rect (at 2.75 3.7) (size 1.5 1.5) (layers F.Cu F.Paste F.Mask))
    (pad 5 smd rect (at -2.75 3.7) (size 1.5 1.5) (layers F.Cu F.Paste F.Mask))
    (pad 1 smd rect (at 2.75 -3.7) (size 1.5 1.5) (layers F.Cu F.Paste F.Mask)
      (net 21 "Net-(J4-Pad1)"))
    (pad 4 smd rect (at -2.75 -3.7) (size 1.5 1.5) (layers F.Cu F.Paste F.Mask))
    (pad 2 smd rect (at -2.75 0) (size 1.5 1.5) (layers F.Cu F.Paste F.Mask)
      (net 20 "Net-(J4-Pad2)"))
    (pad 3 smd rect (at 2.75 0) (size 1.5 1.5) (layers F.Cu F.Paste F.Mask)
      (net 19 "Net-(J4-Pad3)"))
  )

  (module PJ-237-6A:PJ-237-6A (layer F.Cu) (tedit 5C46FC3B) (tstamp 5CDD53FA)
    (at 0 -30.48)
    (path /5CE1CE74)
    (fp_text reference J5 (at -3.302 1.905) (layer F.SilkS)
      (effects (font (size 0.85 0.85) (thickness 0.125)))
    )
    (fp_text value SJ-2523-SMT (at 0 -7.62) (layer F.Fab)
      (effects (font (size 1 1) (thickness 0.15)))
    )
    (fp_line (start 2.54 0) (end 2.54 -5.4) (layer F.SilkS) (width 0.15))
    (fp_line (start -2.54 0) (end -2.54 -5.4) (layer F.SilkS) (width 0.15))
    (fp_line (start -2.54 -5.4) (end 2.54 -5.4) (layer F.SilkS) (width 0.15))
    (fp_line (start 2.54 5.08) (end 2.54 0) (layer F.SilkS) (width 0.15))
    (fp_line (start -2.54 5.08) (end 2.54 5.08) (layer F.SilkS) (width 0.15))
    (fp_line (start -2.54 0) (end -2.54 5.08) (layer F.SilkS) (width 0.15))
    (fp_line (start 1.6 -6.9) (end 1.6 -5.4) (layer F.SilkS) (width 0.15))
    (fp_line (start -1.6 -6.9) (end 1.6 -6.9) (layer F.SilkS) (width 0.15))
    (fp_line (start -1.6 -5.4) (end -1.6 -6.9) (layer F.SilkS) (width 0.15))
    (pad "" np_thru_hole circle (at 0 2.5) (size 1.3 1.3) (drill 1.3) (layers *.Cu *.Mask))
    (pad "" np_thru_hole circle (at 0 -2.5) (size 1.3 1.3) (drill 1.3) (layers *.Cu *.Mask))
    (pad 6 smd rect (at 2.75 3.7) (size 1.5 1.5) (layers F.Cu F.Paste F.Mask))
    (pad 5 smd rect (at -2.75 3.7) (size 1.5 1.5) (layers F.Cu F.Paste F.Mask))
    (pad 1 smd rect (at 2.75 -3.7) (size 1.5 1.5) (layers F.Cu F.Paste F.Mask)
      (net 3 "Net-(J5-Pad1)"))
    (pad 4 smd rect (at -2.75 -3.7) (size 1.5 1.5) (layers F.Cu F.Paste F.Mask))
    (pad 2 smd rect (at -2.75 0) (size 1.5 1.5) (layers F.Cu F.Paste F.Mask)
      (net 2 "Net-(J5-Pad2)"))
    (pad 3 smd rect (at 2.75 0) (size 1.5 1.5) (layers F.Cu F.Paste F.Mask)
      (net 1 "Net-(J5-Pad3)"))
  )

  (module PJ-237-6A:PJ-237-6A (layer F.Cu) (tedit 5C46FC3B) (tstamp 5CDD540C)
    (at -10.16 -30.48)
    (path /5CE1CDBE)
    (fp_text reference J6 (at -3.429 1.905) (layer F.SilkS)
      (effects (font (size 0.85 0.85) (thickness 0.125)))
    )
    (fp_text value SJ-2523-SMT (at 0 -7.62) (layer F.Fab)
      (effects (font (size 1 1) (thickness 0.15)))
    )
    (fp_line (start 2.54 0) (end 2.54 -5.4) (layer F.SilkS) (width 0.15))
    (fp_line (start -2.54 0) (end -2.54 -5.4) (layer F.SilkS) (width 0.15))
    (fp_line (start -2.54 -5.4) (end 2.54 -5.4) (layer F.SilkS) (width 0.15))
    (fp_line (start 2.54 5.08) (end 2.54 0) (layer F.SilkS) (width 0.15))
    (fp_line (start -2.54 5.08) (end 2.54 5.08) (layer F.SilkS) (width 0.15))
    (fp_line (start -2.54 0) (end -2.54 5.08) (layer F.SilkS) (width 0.15))
    (fp_line (start 1.6 -6.9) (end 1.6 -5.4) (layer F.SilkS) (width 0.15))
    (fp_line (start -1.6 -6.9) (end 1.6 -6.9) (layer F.SilkS) (width 0.15))
    (fp_line (start -1.6 -5.4) (end -1.6 -6.9) (layer F.SilkS) (width 0.15))
    (pad "" np_thru_hole circle (at 0 2.5) (size 1.3 1.3) (drill 1.3) (layers *.Cu *.Mask))
    (pad "" np_thru_hole circle (at 0 -2.5) (size 1.3 1.3) (drill 1.3) (layers *.Cu *.Mask))
    (pad 6 smd rect (at 2.75 3.7) (size 1.5 1.5) (layers F.Cu F.Paste F.Mask))
    (pad 5 smd rect (at -2.75 3.7) (size 1.5 1.5) (layers F.Cu F.Paste F.Mask))
    (pad 1 smd rect (at 2.75 -3.7) (size 1.5 1.5) (layers F.Cu F.Paste F.Mask)
      (net 52 "Net-(J6-Pad1)"))
    (pad 4 smd rect (at -2.75 -3.7) (size 1.5 1.5) (layers F.Cu F.Paste F.Mask))
    (pad 2 smd rect (at -2.75 0) (size 1.5 1.5) (layers F.Cu F.Paste F.Mask)
      (net 22 "Net-(J6-Pad2)"))
    (pad 3 smd rect (at 2.75 0) (size 1.5 1.5) (layers F.Cu F.Paste F.Mask)
      (net 23 "Net-(J6-Pad3)"))
  )

  (module Mounting_Holes:MountingHole_3.5mm (layer F.Cu) (tedit 5C45A0FB) (tstamp 5C4198A8)
    (at -15 12.3)
    (descr "Mounting Hole 3.5mm, no annular")
    (tags "mounting hole 3.5mm no annular")
    (attr virtual)
    (fp_text reference "" (at 0 -4.5 90) (layer F.SilkS)
      (effects (font (size 0.85 0.85) (thickness 0.125)))
    )
    (fp_text value MountingHole_3.5mm (at 0 4.5) (layer F.Fab)
      (effects (font (size 1 1) (thickness 0.15)))
    )
    (fp_text user %R (at 0.3 0) (layer F.Fab)
      (effects (font (size 1 1) (thickness 0.15)))
    )
    (fp_circle (center 0 0) (end 3.5 0) (layer Cmts.User) (width 0.15))
    (fp_circle (center 0 0) (end 3.75 0) (layer F.CrtYd) (width 0.05))
    (pad "" np_thru_hole circle (at 0 0) (size 3 3) (drill 3) (layers *.Cu *.Mask))
  )

  (module Mounting_Holes:MountingHole_3.5mm (layer F.Cu) (tedit 5C45A0F5) (tstamp 5C4198A5)
    (at -15 -12.7)
    (descr "Mounting Hole 3.5mm, no annular")
    (tags "mounting hole 3.5mm no annular")
    (attr virtual)
    (fp_text reference "" (at -12.178 -4.445) (layer F.SilkS)
      (effects (font (size 0.85 0.85) (thickness 0.125)))
    )
    (fp_text value MountingHole_3.5mm (at 0 4.5) (layer F.Fab)
      (effects (font (size 1 1) (thickness 0.15)))
    )
    (fp_text user %R (at 0.3 0) (layer F.Fab)
      (effects (font (size 1 1) (thickness 0.15)))
    )
    (fp_circle (center 0 0) (end 3.5 0) (layer Cmts.User) (width 0.15))
    (fp_circle (center 0 0) (end 3.75 0) (layer F.CrtYd) (width 0.05))
    (pad "" np_thru_hole circle (at 0 0) (size 3 3) (drill 3) (layers *.Cu *.Mask))
  )

  (module Mounting_Holes:MountingHole_3.5mm (layer F.Cu) (tedit 5C45A103) (tstamp 5C4198A6)
    (at 15 -12.7)
    (descr "Mounting Hole 3.5mm, no annular")
    (tags "mounting hole 3.5mm no annular")
    (attr virtual)
    (fp_text reference "" (at 0 -4.5) (layer F.SilkS)
      (effects (font (size 0.85 0.85) (thickness 0.125)))
    )
    (fp_text value MountingHole_3.5mm (at 0 4.5) (layer F.Fab)
      (effects (font (size 1 1) (thickness 0.15)))
    )
    (fp_text user %R (at 0.3 0) (layer F.Fab)
      (effects (font (size 1 1) (thickness 0.15)))
    )
    (fp_circle (center 0 0) (end 3.5 0) (layer Cmts.User) (width 0.15))
    (fp_circle (center 0 0) (end 3.75 0) (layer F.CrtYd) (width 0.05))
    (pad "" np_thru_hole circle (at 0 0) (size 3 3) (drill 3) (layers *.Cu *.Mask))
  )

  (module Mounting_Holes:MountingHole_3.5mm (layer F.Cu) (tedit 5C45A113) (tstamp 5C445965)
    (at 15 12.3)
    (descr "Mounting Hole 3.5mm, no annular")
    (tags "mounting hole 3.5mm no annular")
    (attr virtual)
    (fp_text reference "" (at 0 -4.5) (layer F.SilkS)
      (effects (font (size 0.85 0.85) (thickness 0.125)))
    )
    (fp_text value MountingHole_3.5mm (at 0 4.5) (layer F.Fab)
      (effects (font (size 1 1) (thickness 0.15)))
    )
    (fp_text user %R (at 0.3 0) (layer F.Fab)
      (effects (font (size 1 1) (thickness 0.15)))
    )
    (fp_circle (center 0 0) (end 3.5 0) (layer Cmts.User) (width 0.15))
    (fp_circle (center 0 0) (end 3.75 0) (layer F.CrtYd) (width 0.05))
    (pad "" np_thru_hole circle (at 0 0) (size 3 3) (drill 3) (layers *.Cu *.Mask))
  )

  (module Capacitor_SMD:C_0603_1608Metric (layer B.Cu) (tedit 5B301BBE) (tstamp 5CDD526C)
    (at -12.192 30.861 270)
    (descr "Capacitor SMD 0603 (1608 Metric), square (rectangular) end terminal, IPC_7351 nominal, (Body size source: http://www.tortai-tech.com/upload/download/2011102023233369053.pdf), generated with kicad-footprint-generator")
    (tags capacitor)
    (path /5C3BCDFB)
    (attr smd)
    (fp_text reference C1 (at 2.413 0 270) (layer B.SilkS)
      (effects (font (size 1 1) (thickness 0.15)) (justify mirror))
    )
    (fp_text value 100nF (at 0 -1.43 270) (layer B.Fab)
      (effects (font (size 1 1) (thickness 0.15)) (justify mirror))
    )
    (fp_line (start -0.8 -0.4) (end -0.8 0.4) (layer B.Fab) (width 0.1))
    (fp_line (start -0.8 0.4) (end 0.8 0.4) (layer B.Fab) (width 0.1))
    (fp_line (start 0.8 0.4) (end 0.8 -0.4) (layer B.Fab) (width 0.1))
    (fp_line (start 0.8 -0.4) (end -0.8 -0.4) (layer B.Fab) (width 0.1))
    (fp_line (start -0.162779 0.51) (end 0.162779 0.51) (layer B.SilkS) (width 0.12))
    (fp_line (start -0.162779 -0.51) (end 0.162779 -0.51) (layer B.SilkS) (width 0.12))
    (fp_line (start -1.48 -0.73) (end -1.48 0.73) (layer B.CrtYd) (width 0.05))
    (fp_line (start -1.48 0.73) (end 1.48 0.73) (layer B.CrtYd) (width 0.05))
    (fp_line (start 1.48 0.73) (end 1.48 -0.73) (layer B.CrtYd) (width 0.05))
    (fp_line (start 1.48 -0.73) (end -1.48 -0.73) (layer B.CrtYd) (width 0.05))
    (fp_text user %R (at 0 0 270) (layer B.Fab)
      (effects (font (size 0.4 0.4) (thickness 0.06)) (justify mirror))
    )
    (pad 1 smd roundrect (at -0.7875 0 270) (size 0.875 0.95) (layers B.Cu B.Paste B.Mask) (roundrect_rratio 0.25)
      (net 7 "Net-(C1-Pad1)"))
    (pad 2 smd roundrect (at 0.7875 0 270) (size 0.875 0.95) (layers B.Cu B.Paste B.Mask) (roundrect_rratio 0.25)
      (net 6 "Net-(C1-Pad2)"))
    (model ${KISYS3DMOD}/Capacitor_SMD.3dshapes/C_0603_1608Metric.wrl
      (at (xyz 0 0 0))
      (scale (xyz 1 1 1))
      (rotate (xyz 0 0 0))
    )
  )

  (module Capacitor_SMD:C_0603_1608Metric (layer B.Cu) (tedit 5B301BBE) (tstamp 5CDD527D)
    (at 0.111199 8.768118 90)
    (descr "Capacitor SMD 0603 (1608 Metric), square (rectangular) end terminal, IPC_7351 nominal, (Body size source: http://www.tortai-tech.com/upload/download/2011102023233369053.pdf), generated with kicad-footprint-generator")
    (tags capacitor)
    (path /5C765003)
    (attr smd)
    (fp_text reference C2 (at -2.153882 0.015801 180) (layer B.SilkS)
      (effects (font (size 1 1) (thickness 0.15)) (justify mirror))
    )
    (fp_text value 10pF (at 0 -1.43 90) (layer B.Fab)
      (effects (font (size 1 1) (thickness 0.15)) (justify mirror))
    )
    (fp_text user %R (at 0 0 90) (layer B.Fab)
      (effects (font (size 0.4 0.4) (thickness 0.06)) (justify mirror))
    )
    (fp_line (start 1.48 -0.73) (end -1.48 -0.73) (layer B.CrtYd) (width 0.05))
    (fp_line (start 1.48 0.73) (end 1.48 -0.73) (layer B.CrtYd) (width 0.05))
    (fp_line (start -1.48 0.73) (end 1.48 0.73) (layer B.CrtYd) (width 0.05))
    (fp_line (start -1.48 -0.73) (end -1.48 0.73) (layer B.CrtYd) (width 0.05))
    (fp_line (start -0.162779 -0.51) (end 0.162779 -0.51) (layer B.SilkS) (width 0.12))
    (fp_line (start -0.162779 0.51) (end 0.162779 0.51) (layer B.SilkS) (width 0.12))
    (fp_line (start 0.8 -0.4) (end -0.8 -0.4) (layer B.Fab) (width 0.1))
    (fp_line (start 0.8 0.4) (end 0.8 -0.4) (layer B.Fab) (width 0.1))
    (fp_line (start -0.8 0.4) (end 0.8 0.4) (layer B.Fab) (width 0.1))
    (fp_line (start -0.8 -0.4) (end -0.8 0.4) (layer B.Fab) (width 0.1))
    (pad 2 smd roundrect (at 0.7875 0 90) (size 0.875 0.95) (layers B.Cu B.Paste B.Mask) (roundrect_rratio 0.25)
      (net 4 GNDD))
    (pad 1 smd roundrect (at -0.7875 0 90) (size 0.875 0.95) (layers B.Cu B.Paste B.Mask) (roundrect_rratio 0.25)
      (net 8 "Net-(C2-Pad1)"))
    (model ${KISYS3DMOD}/Capacitor_SMD.3dshapes/C_0603_1608Metric.wrl
      (at (xyz 0 0 0))
      (scale (xyz 1 1 1))
      (rotate (xyz 0 0 0))
    )
  )

  (module Capacitor_SMD:C_0603_1608Metric (layer B.Cu) (tedit 5B301BBE) (tstamp 5D3E9F1D)
    (at 4.683199 8.768118 90)
    (descr "Capacitor SMD 0603 (1608 Metric), square (rectangular) end terminal, IPC_7351 nominal, (Body size source: http://www.tortai-tech.com/upload/download/2011102023233369053.pdf), generated with kicad-footprint-generator")
    (tags capacitor)
    (path /5C3B2940)
    (attr smd)
    (fp_text reference C3 (at -2.153882 0.015801 180) (layer B.SilkS)
      (effects (font (size 1 1) (thickness 0.15)) (justify mirror))
    )
    (fp_text value 22pF (at 0 -1.43 90) (layer B.Fab)
      (effects (font (size 1 1) (thickness 0.15)) (justify mirror))
    )
    (fp_text user %R (at 0 0 90) (layer B.Fab)
      (effects (font (size 0.4 0.4) (thickness 0.06)) (justify mirror))
    )
    (fp_line (start 1.48 -0.73) (end -1.48 -0.73) (layer B.CrtYd) (width 0.05))
    (fp_line (start 1.48 0.73) (end 1.48 -0.73) (layer B.CrtYd) (width 0.05))
    (fp_line (start -1.48 0.73) (end 1.48 0.73) (layer B.CrtYd) (width 0.05))
    (fp_line (start -1.48 -0.73) (end -1.48 0.73) (layer B.CrtYd) (width 0.05))
    (fp_line (start -0.162779 -0.51) (end 0.162779 -0.51) (layer B.SilkS) (width 0.12))
    (fp_line (start -0.162779 0.51) (end 0.162779 0.51) (layer B.SilkS) (width 0.12))
    (fp_line (start 0.8 -0.4) (end -0.8 -0.4) (layer B.Fab) (width 0.1))
    (fp_line (start 0.8 0.4) (end 0.8 -0.4) (layer B.Fab) (width 0.1))
    (fp_line (start -0.8 0.4) (end 0.8 0.4) (layer B.Fab) (width 0.1))
    (fp_line (start -0.8 -0.4) (end -0.8 0.4) (layer B.Fab) (width 0.1))
    (pad 2 smd roundrect (at 0.7875 0 90) (size 0.875 0.95) (layers B.Cu B.Paste B.Mask) (roundrect_rratio 0.25)
      (net 4 GNDD))
    (pad 1 smd roundrect (at -0.7875 0 90) (size 0.875 0.95) (layers B.Cu B.Paste B.Mask) (roundrect_rratio 0.25)
      (net 9 "Net-(C3-Pad1)"))
    (model ${KISYS3DMOD}/Capacitor_SMD.3dshapes/C_0603_1608Metric.wrl
      (at (xyz 0 0 0))
      (scale (xyz 1 1 1))
      (rotate (xyz 0 0 0))
    )
  )

  (module Capacitor_SMD:C_0603_1608Metric (layer B.Cu) (tedit 5B301BBE) (tstamp 5CDD529F)
    (at -6.858 6.35 180)
    (descr "Capacitor SMD 0603 (1608 Metric), square (rectangular) end terminal, IPC_7351 nominal, (Body size source: http://www.tortai-tech.com/upload/download/2011102023233369053.pdf), generated with kicad-footprint-generator")
    (tags capacitor)
    (path /5C4E1F58)
    (attr smd)
    (fp_text reference C4 (at -2.413 0 180) (layer B.SilkS)
      (effects (font (size 1 1) (thickness 0.15)) (justify mirror))
    )
    (fp_text value 100nF (at 0 -1.43 180) (layer B.Fab)
      (effects (font (size 1 1) (thickness 0.15)) (justify mirror))
    )
    (fp_line (start -0.8 -0.4) (end -0.8 0.4) (layer B.Fab) (width 0.1))
    (fp_line (start -0.8 0.4) (end 0.8 0.4) (layer B.Fab) (width 0.1))
    (fp_line (start 0.8 0.4) (end 0.8 -0.4) (layer B.Fab) (width 0.1))
    (fp_line (start 0.8 -0.4) (end -0.8 -0.4) (layer B.Fab) (width 0.1))
    (fp_line (start -0.162779 0.51) (end 0.162779 0.51) (layer B.SilkS) (width 0.12))
    (fp_line (start -0.162779 -0.51) (end 0.162779 -0.51) (layer B.SilkS) (width 0.12))
    (fp_line (start -1.48 -0.73) (end -1.48 0.73) (layer B.CrtYd) (width 0.05))
    (fp_line (start -1.48 0.73) (end 1.48 0.73) (layer B.CrtYd) (width 0.05))
    (fp_line (start 1.48 0.73) (end 1.48 -0.73) (layer B.CrtYd) (width 0.05))
    (fp_line (start 1.48 -0.73) (end -1.48 -0.73) (layer B.CrtYd) (width 0.05))
    (fp_text user %R (at 0 0 180) (layer B.Fab)
      (effects (font (size 0.4 0.4) (thickness 0.06)) (justify mirror))
    )
    (pad 1 smd roundrect (at -0.7875 0 180) (size 0.875 0.95) (layers B.Cu B.Paste B.Mask) (roundrect_rratio 0.25)
      (net 11 VDDA))
    (pad 2 smd roundrect (at 0.7875 0 180) (size 0.875 0.95) (layers B.Cu B.Paste B.Mask) (roundrect_rratio 0.25)
      (net 81 GNDA))
    (model ${KISYS3DMOD}/Capacitor_SMD.3dshapes/C_0603_1608Metric.wrl
      (at (xyz 0 0 0))
      (scale (xyz 1 1 1))
      (rotate (xyz 0 0 0))
    )
  )

  (module Capacitor_SMD:C_0603_1608Metric (layer B.Cu) (tedit 5B301BBE) (tstamp 5D17232C)
    (at -6.858 4.826 180)
    (descr "Capacitor SMD 0603 (1608 Metric), square (rectangular) end terminal, IPC_7351 nominal, (Body size source: http://www.tortai-tech.com/upload/download/2011102023233369053.pdf), generated with kicad-footprint-generator")
    (tags capacitor)
    (path /5C766420)
    (attr smd)
    (fp_text reference C5 (at -2.413 0 180) (layer B.SilkS)
      (effects (font (size 1 1) (thickness 0.15)) (justify mirror))
    )
    (fp_text value 1nF (at 0 -1.43 180) (layer B.Fab)
      (effects (font (size 1 1) (thickness 0.15)) (justify mirror))
    )
    (fp_line (start -0.8 -0.4) (end -0.8 0.4) (layer B.Fab) (width 0.1))
    (fp_line (start -0.8 0.4) (end 0.8 0.4) (layer B.Fab) (width 0.1))
    (fp_line (start 0.8 0.4) (end 0.8 -0.4) (layer B.Fab) (width 0.1))
    (fp_line (start 0.8 -0.4) (end -0.8 -0.4) (layer B.Fab) (width 0.1))
    (fp_line (start -0.162779 0.51) (end 0.162779 0.51) (layer B.SilkS) (width 0.12))
    (fp_line (start -0.162779 -0.51) (end 0.162779 -0.51) (layer B.SilkS) (width 0.12))
    (fp_line (start -1.48 -0.73) (end -1.48 0.73) (layer B.CrtYd) (width 0.05))
    (fp_line (start -1.48 0.73) (end 1.48 0.73) (layer B.CrtYd) (width 0.05))
    (fp_line (start 1.48 0.73) (end 1.48 -0.73) (layer B.CrtYd) (width 0.05))
    (fp_line (start 1.48 -0.73) (end -1.48 -0.73) (layer B.CrtYd) (width 0.05))
    (fp_text user %R (at 0 0 180) (layer B.Fab)
      (effects (font (size 0.4 0.4) (thickness 0.06)) (justify mirror))
    )
    (pad 1 smd roundrect (at -0.7875 0 180) (size 0.875 0.95) (layers B.Cu B.Paste B.Mask) (roundrect_rratio 0.25)
      (net 11 VDDA))
    (pad 2 smd roundrect (at 0.7875 0 180) (size 0.875 0.95) (layers B.Cu B.Paste B.Mask) (roundrect_rratio 0.25)
      (net 81 GNDA))
    (model ${KISYS3DMOD}/Capacitor_SMD.3dshapes/C_0603_1608Metric.wrl
      (at (xyz 0 0 0))
      (scale (xyz 1 1 1))
      (rotate (xyz 0 0 0))
    )
  )

  (module Capacitor_SMD:C_0603_1608Metric (layer B.Cu) (tedit 5B301BBE) (tstamp 5CDD52C1)
    (at -6.985 -6.096 90)
    (descr "Capacitor SMD 0603 (1608 Metric), square (rectangular) end terminal, IPC_7351 nominal, (Body size source: http://www.tortai-tech.com/upload/download/2011102023233369053.pdf), generated with kicad-footprint-generator")
    (tags capacitor)
    (path /5C3B5B15)
    (attr smd)
    (fp_text reference C6 (at 2.413 0 90) (layer B.SilkS)
      (effects (font (size 1 1) (thickness 0.15)) (justify mirror))
    )
    (fp_text value 1nF (at 0 -1.43 90) (layer B.Fab)
      (effects (font (size 1 1) (thickness 0.15)) (justify mirror))
    )
    (fp_line (start -0.8 -0.4) (end -0.8 0.4) (layer B.Fab) (width 0.1))
    (fp_line (start -0.8 0.4) (end 0.8 0.4) (layer B.Fab) (width 0.1))
    (fp_line (start 0.8 0.4) (end 0.8 -0.4) (layer B.Fab) (width 0.1))
    (fp_line (start 0.8 -0.4) (end -0.8 -0.4) (layer B.Fab) (width 0.1))
    (fp_line (start -0.162779 0.51) (end 0.162779 0.51) (layer B.SilkS) (width 0.12))
    (fp_line (start -0.162779 -0.51) (end 0.162779 -0.51) (layer B.SilkS) (width 0.12))
    (fp_line (start -1.48 -0.73) (end -1.48 0.73) (layer B.CrtYd) (width 0.05))
    (fp_line (start -1.48 0.73) (end 1.48 0.73) (layer B.CrtYd) (width 0.05))
    (fp_line (start 1.48 0.73) (end 1.48 -0.73) (layer B.CrtYd) (width 0.05))
    (fp_line (start 1.48 -0.73) (end -1.48 -0.73) (layer B.CrtYd) (width 0.05))
    (fp_text user %R (at 0 0 90) (layer B.Fab)
      (effects (font (size 0.4 0.4) (thickness 0.06)) (justify mirror))
    )
    (pad 1 smd roundrect (at -0.7875 0 90) (size 0.875 0.95) (layers B.Cu B.Paste B.Mask) (roundrect_rratio 0.25)
      (net 44 "Net-(C6-Pad1)"))
    (pad 2 smd roundrect (at 0.7875 0 90) (size 0.875 0.95) (layers B.Cu B.Paste B.Mask) (roundrect_rratio 0.25)
      (net 4 GNDD))
    (model ${KISYS3DMOD}/Capacitor_SMD.3dshapes/C_0603_1608Metric.wrl
      (at (xyz 0 0 0))
      (scale (xyz 1 1 1))
      (rotate (xyz 0 0 0))
    )
  )

  (module Capacitor_SMD:C_0603_1608Metric (layer B.Cu) (tedit 5B301BBE) (tstamp 5CDD52D2)
    (at -6.985 -0.254)
    (descr "Capacitor SMD 0603 (1608 Metric), square (rectangular) end terminal, IPC_7351 nominal, (Body size source: http://www.tortai-tech.com/upload/download/2011102023233369053.pdf), generated with kicad-footprint-generator")
    (tags capacitor)
    (path /5C3BB38C)
    (attr smd)
    (fp_text reference C7 (at 0 1.43) (layer B.SilkS)
      (effects (font (size 1 1) (thickness 0.15)) (justify mirror))
    )
    (fp_text value 100nF (at 0 -1.43) (layer B.Fab)
      (effects (font (size 1 1) (thickness 0.15)) (justify mirror))
    )
    (fp_text user %R (at 0 0) (layer B.Fab)
      (effects (font (size 0.4 0.4) (thickness 0.06)) (justify mirror))
    )
    (fp_line (start 1.48 -0.73) (end -1.48 -0.73) (layer B.CrtYd) (width 0.05))
    (fp_line (start 1.48 0.73) (end 1.48 -0.73) (layer B.CrtYd) (width 0.05))
    (fp_line (start -1.48 0.73) (end 1.48 0.73) (layer B.CrtYd) (width 0.05))
    (fp_line (start -1.48 -0.73) (end -1.48 0.73) (layer B.CrtYd) (width 0.05))
    (fp_line (start -0.162779 -0.51) (end 0.162779 -0.51) (layer B.SilkS) (width 0.12))
    (fp_line (start -0.162779 0.51) (end 0.162779 0.51) (layer B.SilkS) (width 0.12))
    (fp_line (start 0.8 -0.4) (end -0.8 -0.4) (layer B.Fab) (width 0.1))
    (fp_line (start 0.8 0.4) (end 0.8 -0.4) (layer B.Fab) (width 0.1))
    (fp_line (start -0.8 0.4) (end 0.8 0.4) (layer B.Fab) (width 0.1))
    (fp_line (start -0.8 -0.4) (end -0.8 0.4) (layer B.Fab) (width 0.1))
    (pad 2 smd roundrect (at 0.7875 0) (size 0.875 0.95) (layers B.Cu B.Paste B.Mask) (roundrect_rratio 0.25)
      (net 4 GNDD))
    (pad 1 smd roundrect (at -0.7875 0) (size 0.875 0.95) (layers B.Cu B.Paste B.Mask) (roundrect_rratio 0.25)
      (net 30 VIN))
    (model ${KISYS3DMOD}/Capacitor_SMD.3dshapes/C_0603_1608Metric.wrl
      (at (xyz 0 0 0))
      (scale (xyz 1 1 1))
      (rotate (xyz 0 0 0))
    )
  )

  (module Capacitor_SMD:C_0603_1608Metric (layer B.Cu) (tedit 5B301BBE) (tstamp 5CDD52E3)
    (at -5.461 -6.096 90)
    (descr "Capacitor SMD 0603 (1608 Metric), square (rectangular) end terminal, IPC_7351 nominal, (Body size source: http://www.tortai-tech.com/upload/download/2011102023233369053.pdf), generated with kicad-footprint-generator")
    (tags capacitor)
    (path /5C3BB491)
    (attr smd)
    (fp_text reference C8 (at 2.413 0 90) (layer B.SilkS)
      (effects (font (size 1 1) (thickness 0.15)) (justify mirror))
    )
    (fp_text value 100nF (at 0 -1.43 90) (layer B.Fab)
      (effects (font (size 1 1) (thickness 0.15)) (justify mirror))
    )
    (fp_text user %R (at 0 0 90) (layer B.Fab)
      (effects (font (size 0.4 0.4) (thickness 0.06)) (justify mirror))
    )
    (fp_line (start 1.48 -0.73) (end -1.48 -0.73) (layer B.CrtYd) (width 0.05))
    (fp_line (start 1.48 0.73) (end 1.48 -0.73) (layer B.CrtYd) (width 0.05))
    (fp_line (start -1.48 0.73) (end 1.48 0.73) (layer B.CrtYd) (width 0.05))
